@relation 'tep_prediction-weka.filters.unsupervised.attribute.Remove-V-R4,6,14,16-17,23,25,30'

@attribute fumador {0,1}
@attribute procedimiento_15dias {0,1}
@attribute hemoptisis {0,1}
@attribute edema_inferior {0,1}
@attribute frec_respiratoria numeric
@attribute crepitos {0,1}
@attribute soplos numeric
@attribute tep {0,1}

@data
0,0,0,0,1,1,0,1
0,0,0,0,2,1,1,0
0,0,0,0,2,1,1,1
0,0,0,0,2,0,2,1
0,0,0,0,1,0,0,0
1,0,0,0,1,1,0,0
0,0,0,0,1,1,1,1
0,0,0,0,4,1,2,0
0,0,0,0,1,0,0,1
0,0,0,0,1,0,1,1
0,0,0,0,1,1,0,0
1,0,0,0,1,0,4,1
1,1,0,1,1,0,0,1
1,0,0,0,2,0,0,0
1,0,0,1,1,0,0,1
0,1,0,0,1,0,0,1
0,0,0,1,2,0,0,1
0,0,0,0,1,0,0,1
0,0,0,0,2,0,0,1
1,0,1,1,2,0,0,1
0,0,0,0,1,0,2,0
1,0,0,0,1,0,1,0
0,0,0,0,3,0,0,1
0,0,0,0,1,0,0,1
0,0,0,0,2,0,0,1
0,0,0,0,3,1,0,1
0,1,0,0,6,0,0,1
0,0,0,0,1,0,5,0
0,0,0,0,4,0,0,1
0,0,0,0,2,0,1,1
0,0,0,0,2,0,0,1
0,0,0,0,2,1,0,1
0,0,0,1,1,0,0,1
0,0,0,0,1,0,2,0
0,0,1,0,2,0,0,1
1,0,0,0,2,0,0,1
0,0,0,0,1,0,0,0
0,1,0,0,1,0,0,1
0,0,0,0,2,0,0,1
0,0,0,1,2,0,0,1
0,0,0,0,1,0,0,1
0,0,0,1,2,0,0,1
1,0,0,0,1,1,0,0
0,0,0,0,2,1,2,0
0,0,0,0,1,0,3,1
0,0,0,0,1,0,0,0
0,0,0,0,1,0,0,0
1,0,0,1,1,0,0,1
0,1,0,1,0,0,0,1
1,0,1,0,3,0,0,1
0,0,0,0,1,0,5,0
0,0,0,0,2,0,0,1
0,0,0,0,2,0,0,1
0,0,0,0,1,0,0,1
0,0,0,0,1,1,0,0
1,0,0,0,4,0,0,1
1,0,0,0,6,1,0,1
0,0,0,0,3,0,0,1
0,0,0,0,4,0,0,1
0,1,0,0,2,0,1,1
0,1,0,0,2,0,0,1
0,0,0,0,1,0,0,1
0,0,0,0,3,1,0,1
0,0,0,0,1,0,0,1
1,0,0,0,1,0,5,0
0,0,0,0,2,0,0,1
0,1,0,0,2,0,0,1
0,0,0,0,1,0,0,1
0,0,0,0,1,0,0,1
0,0,0,0,2,0,0,1
0,0,0,0,1,0,3,0
0,0,0,0,1,0,0,1
0,0,0,0,1,0,0,1
0,1,0,0,2,0,0,1
0,0,0,1,4,0,0,1
0,1,0,0,5,1,0,1
0,0,0,0,2,0,0,1
1,0,0,0,1,0,0,1
0,0,0,0,3,0,0,1
0,0,0,0,2,0,0,1
0,0,1,0,4,0,0,1
0,0,0,0,1,0,2,0
0,0,0,0,2,1,0,1
0,0,0,0,2,0,0,1
0,0,0,0,2,0,0,1
0,0,0,0,1,0,0,1
0,0,0,0,1,0,0,1
0,1,0,0,5,0,0,1
0,0,0,0,1,0,0,0
1,0,0,0,1,0,2,0
0,0,0,0,1,0,0,0
1,0,0,0,1,0,2,0
0,0,0,0,2,0,0,1
0,0,0,0,2,0,0,1
0,0,0,0,1,0,0,0
0,0,0,0,1,0,0,0
0,0,0,0,1,0,0,1
1,0,0,0,2,0,0,1
1,0,0,0,1,0,0,0
0,0,0,0,1,0,0,1
0,0,0,0,1,0,0,1
1,0,0,0,0,0,0,0
0,0,0,1,1,0,3,1
0,0,0,0,4,0,0,1
0,1,0,0,4,0,0,1
0,0,0,0,1,0,0,1
1,0,0,1,2,1,2,0
0,0,1,1,1,0,0,1
0,0,0,0,1,1,0,0
0,0,0,0,4,1,0,1
0,0,0,0,1,0,0,1
0,0,0,0,1,0,0,0
0,0,0,0,7,0,0,1
0,0,0,0,1,0,0,1
0,0,0,1,3,0,0,1
0,0,0,0,1,0,0,1
0,0,0,1,2,1,0,1
1,0,0,1,2,1,0,1
0,0,0,0,3,0,0,1
0,0,0,0,2,0,0,1
0,0,0,1,2,0,0,1
0,0,0,1,2,0,0,1
0,0,1,0,1,0,0,1
0,0,0,0,1,0,0,1
0,0,0,0,1,0,0,1
0,0,0,0,1,0,0,1
0,0,1,0,1,0,0,1
0,0,1,0,1,0,0,1
0,0,0,0,1,0,0,1
1,0,0,1,1,0,0,1
0,1,0,0,0,0,0,1
0,1,0,0,0,0,0,1
0,0,0,0,1,0,0,1
0,0,0,0,2,0,0,1
0,0,0,1,1,0,0,1
0,0,0,0,2,1,0,1
0,0,0,0,1,0,0,1
1,0,0,0,2,0,0,1
0,0,0,1,1,0,0,1
0,0,0,1,7,0,0,1